[gd_scene load_steps=8 format=3 uid="uid://c3ctitj3875oy"]

[ext_resource type="Script" path="res://Counter.gd" id="1_4wo8n"]

[sub_resource type="BoxShape3D" id="BoxShape3D_nlk4w"]
size = Vector3(4, 0.25, 4)

[sub_resource type="StandardMaterial3D" id="StandardMaterial3D_vj3kp"]
resource_local_to_scene = true
shading_mode = 0
albedo_color = Color(0, 0, 0, 1)

[sub_resource type="BoxMesh" id="BoxMesh_47c2b"]
size = Vector3(3.5, 0.1, 3.5)

[sub_resource type="StandardMaterial3D" id="StandardMaterial3D_06cfc"]
resource_local_to_scene = true
shading_mode = 0
albedo_color = Color(0, 0, 0, 1)

[sub_resource type="BoxMesh" id="BoxMesh_3orpd"]
size = Vector3(3, 0.25, 3)

[sub_resource type="BoxMesh" id="BoxMesh_rcfwq"]
size = Vector3(4, 0.05, 4)

[node name="Counter" type="Area3D"]
script = ExtResource("1_4wo8n")

[node name="Area3D" type="CollisionShape3D" parent="."]
transform = Transform3D(0.707107, 2.98023e-08, -0.707107, 0.5, 0.707107, 0.5, 0.5, -0.707107, 0.5, 0, 0, 0)
shape = SubResource("BoxShape3D_nlk4w")
disabled = true

[node name="MeshInstance3D" type="MeshInstance3D" parent="."]
transform = Transform3D(0.707107, 0, -0.707107, 0.5, 0.707107, 0.5, 0.5, -0.707107, 0.5, 0, 0, 0)
layers = 2
material_override = SubResource("StandardMaterial3D_vj3kp")
cast_shadow = 0
mesh = SubResource("BoxMesh_47c2b")

[node name="Label3D" type="Label3D" parent="."]
transform = Transform3D(-1, -6.18172e-08, 6.18172e-08, 0, 0.707107, 0.707107, -8.74228e-08, 0.707107, -0.707107, 0, 0.1, -0.1)
text = "00"
font_size = 400
outline_size = 0

[node name="MeshInstance3D2" type="MeshInstance3D" parent="."]
transform = Transform3D(0.707107, 0, -0.707107, 0.5, 0.707107, 0.5, 0.5, -0.707107, 0.5, 0, 0, 0)
layers = 2
material_override = SubResource("StandardMaterial3D_06cfc")
cast_shadow = 0
mesh = SubResource("BoxMesh_3orpd")

[node name="MeshInstance3D3" type="MeshInstance3D" parent="."]
transform = Transform3D(0.707107, 0, -0.707107, 0.5, 0.707107, 0.5, 0.5, -0.707107, 0.5, 0, 0, 0)
layers = 2
material_override = SubResource("StandardMaterial3D_06cfc")
cast_shadow = 0
mesh = SubResource("BoxMesh_rcfwq")
